[
  [
    {
      "activationF" : "sigmoid",
      "weights" : [
        0.6804290278500824,
        0.8248884971520385,
        0.7722264277525295,
        0.2624857420744944,
        0.5259647563947483,
        -0.02399033262942818,
        0.567734276946116,
        0.586566307110149,
        -0.3594300781574469,
        -0.5556426909085146,
        -0.8363502479121878,
        -0.4110433872999464,
        0.5137045128319646,
        -0.753630347219509,
        0.5858901750699244,
        -0.3439431476142383,
        0.06604735424961694,
        -0.9656298976780091,
        -0.8780321888359346,
        -0.06501772162967523,
        -0.5852634846828069,
        0.4326636965566102,
        0.8768272079446309,
        -0.2940658502738205,
        0.8434514702470106,
        -0.4448934790306689,
        0.2681314143607989,
        -0.9173406557742951,
        0.06488808807272828,
        -0.13236673162618517,
        0.7383277974411395,
        -0.7101204590038155,
        -0.8546157544486856
      ]
    },
    {
      "activationF" : "sigmoid",
      "weights" : [
        0.9427970151891083,
        -0.7556290803611825,
        0.6732650283079173,
        -0.4583878114392377,
        0.19501341138984718,
        -0.1459520114381907,
        0.4138498284436871,
        -0.8185482083867137,
        -0.18299508678901155,
        -0.18875691528907668,
        -0.31300577384756,
        0.08697424836647749,
        0.7145810390200218,
        0.7038629143045518,
        -0.31624097539456986,
        -0.2398815457650585,
        -0.22025276320927278,
        -0.029691053134033973,
        0.3515338025011234,
        0.2990748329981141,
        -0.9464015988658212,
        0.4196409683393212,
        -0.027847138427554707,
        0.9347690248095799,
        -0.1934178683116785,
        0.30023036491614463,
        0.9468130204989802,
        -0.45987181705066016,
        -0.33443300028905254,
        0.3428626238745489,
        -0.325879223112185,
        0.06361301644742245,
        0.38684876197503204
      ]
    },
    {
      "activationF" : "sigmoid",
      "weights" : [
        0.6056454334179755,
        -0.32743641050410144,
        0.21678994617028802,
        -0.7632427540161861,
        -0.09693728245583477,
        0.6510977922360428,
        0.19560904044271576,
        0.7160294452373193,
        -0.9311969812029559,
        -0.22231330409489658,
        0.10943193891829472,
        -0.9497187168098247,
        -0.16112074250273323,
        0.6625628142079223,
        0.2422739902016291,
        0.3033764212442094,
        -0.15484685579374613,
        -0.8575897196010456,
        -0.23535276183838216,
        0.8422948446584182,
        0.570975052338272,
        0.1577233671489151,
        0.597419367289505,
        0.09905698543918584,
        0.7712728780082609,
        0.43398242310720914,
        0.6469018399802124,
        -0.560375045976248,
        -0.6839158671987557,
        -0.3077190925816229,
        0.20644045985009152,
        -0.9712725595565208,
        -0.6050965326586419
      ]
    },
    {
      "activationF" : "sigmoid",
      "weights" : [
        -0.7138089338318774,
        0.05130639007287319,
        0.24597132880966943,
        0.4488422086676547,
        0.48722041360480395,
        0.3258006983608708,
        -0.5598822802674999,
        0.9101197319462557,
        0.3626536751597089,
        -0.9850964863110618,
        -0.4264950876228266,
        -0.6750781363003704,
        0.10861607248075567,
        -0.11690068148247335,
        -0.4586700190764468,
        0.7110074861868008,
        -0.755698604245044,
        -0.7737044227926888,
        0.6270766754301971,
        -0.22437929824376912,
        -0.6795453992702345,
        -0.6329195796751652,
        -0.5561378067082456,
        -0.8421859784408094,
        0.38842883209375545,
        0.6736119241097769,
        0.44768417384534875,
        0.6566086745594231,
        -0.5053742663465133,
        -0.14889959802760244,
        -0.35515847121856026,
        -0.3780992830702756,
        -0.595652346651943
      ]
    },
    {
      "activationF" : "sigmoid",
      "weights" : [
        0.8575632886613014,
        0.336974552237433,
        0.18901332117468872,
        0.05168918255613897,
        0.7918634627234129,
        0.8350195225875652,
        -0.11455786424750669,
        0.7710203383537944,
        -0.3961330636541778,
        -0.3819409229832318,
        -0.7658787461618806,
        -0.7778851027902578,
        -0.4727622299257057,
        -0.2729640057310616,
        0.48192454659409845,
        0.17988429664362604,
        -0.856236214221938,
        -0.09419030124674,
        -0.1471428596748161,
        0.8602343905849588,
        0.4056571433331029,
        0.2626607729837691,
        -0.5491702274306234,
        -0.6312894707584551,
        0.4644315197551554,
        0.7507512360144353,
        0.9273508894160463,
        0.47352870438086225,
        -0.7485301675056142,
        -0.4763419285606205,
        0.4148509731654866,
        -0.5786189276442935,
        0.40573986398395956
      ]
    },
    {
      "activationF" : "sigmoid",
      "weights" : [
        -0.7915516541469962,
        0.3339499637836272,
        -0.6288631434316214,
        -0.1076303177476019,
        -0.3655623040600462,
        -0.564410975410786,
        0.30545752571523543,
        0.49337517004202236,
        -0.4175872199394943,
        0.6676621870590831,
        0.6462887390345238,
        0.4405160078286998,
        -0.2256676975863292,
        0.45788833484349234,
        0.23191411800445905,
        -0.27033525443575446,
        0.5463946600816609,
        0.7112315908516351,
        0.4606569397728837,
        0.1926306152088071,
        0.08345298752626906,
        0.5749304018249581,
        -0.9065982300680637,
        0.8255936544016764,
        0.7590699250932265,
        -0.5854011583445697,
        0.33585854673784277,
        -0.8041870626187002,
        -0.4188202286505769,
        -0.23416086565922,
        0.6393373164203757,
        -0.3859757349540003,
        -0.8921757439855991
      ]
    },
    {
      "activationF" : "sigmoid",
      "weights" : [
        -0.8062455621556968,
        0.6505312989200696,
        -0.18308335660796948,
        -0.16883286265645614,
        0.10992337853801737,
        -0.45766463777125566,
        -0.332460991140042,
        0.9214068765694188,
        0.7061370073868165,
        0.6245992972803298,
        0.3276249327377587,
        0.0947969823683783,
        0.03553550876714007,
        0.8473398158895016,
        -0.9916157511583343,
        -0.3425307818239163,
        0.6101028021861588,
        0.1468578019892266,
        0.09878691351433067,
        -0.6614309777331444,
        -0.5027741773681953,
        -0.3186798340455559,
        -0.0600076578409523,
        0.18198671525490862,
        -0.13217156952888076,
        0.46930439883475294,
        -0.6510908186760984,
        0.640117943742595,
        0.05581397746857486,
        -0.9006722376062275,
        -0.8245915987914254,
        -0.5054180592233015,
        -0.9544616554153686
      ]
    },
    {
      "activationF" : "sigmoid",
      "weights" : [
        -0.13501400347289527,
        -0.8122513767239976,
        0.08037421542150502,
        0.8463838986225192,
        0.6303558533084457,
        0.3970619647267972,
        -0.6668567980375681,
        -0.07120713053953986,
        0.7061195548320529,
        0.6765255920803754,
        0.3614737150976739,
        0.4274855983481849,
        -0.2577053625805823,
        0.8263904315777684,
        -0.20441524420882984,
        0.9415362654342734,
        -0.3830671502457488,
        0.1456197769516243,
        -0.8775404233219193,
        0.31766623595743315,
        0.10095335131428684,
        -0.15224383374997164,
        0.41205418300047136,
        -0.14503632651067733,
        -0.5510205941480322,
        0.1858255685307424,
        0.2898793598496112,
        0.5914377993329198,
        -0.2004967486660969,
        0.3776505727702384,
        -0.28331158141686275,
        0.3758806273925146,
        0.6472177632759875
      ]
    },
    {
      "activationF" : "sigmoid",
      "weights" : [
        -0.13661410560750786,
        -0.5065485520636943,
        0.7229413358023573,
        0.16241466274750804,
        0.9612420470206751,
        0.008719839262923745,
        -0.8680476834126549,
        0.5766619225392486,
        -0.18417201145636009,
        0.1488818047516003,
        0.31946298663706263,
        -0.508231262937572,
        0.12646494640214168,
        -0.0872770688758513,
        0.06097050714737806,
        0.8467683611309642,
        0.20353233087366362,
        0.5874641953110487,
        0.06368155905375827,
        0.852308207890202,
        0.814196970442586,
        0.7341318094922855,
        -0.09050594774222454,
        0.4355647426517151,
        -0.824497651709996,
        0.4325180445394441,
        0.9976654827316247,
        -0.4394550228307521,
        0.8747300546388332,
        0.16233147033512751,
        0.3177163243171719,
        0.15885798162287346,
        0.7577723542672528
      ]
    },
    {
      "activationF" : "sigmoid",
      "weights" : [
        -0.3078407938576566,
        0.6071187777002804,
        0.5369670953544436,
        0.798991604292006,
        0.13211950684551077,
        0.6088259331066663,
        -0.3351376632316758,
        0.07837097419124128,
        -0.11096981069544509,
        -0.6949017949967304,
        0.5988862301335087,
        0.7289370622900031,
        0.7264670383107348,
        0.04826083466387998,
        0.6733488798237663,
        0.6473574987894397,
        0.08271417175912221,
        -0.3515745085754727,
        -0.48731064098596577,
        0.012585001103505356,
        0.4292199756496744,
        0.022004793548675794,
        -0.5246050813821586,
        -0.535106737370733,
        -0.40226655359077634,
        -0.13389388537782998,
        0.0422946920111722,
        0.8978807679431824,
        -0.14030370076651733,
        -0.41469394321058073,
        -0.4735082591872921,
        -0.4577492995193555,
        0.4659156219312377
      ]
    },
    {
      "activationF" : "sigmoid",
      "weights" : [
        0.2622263338325337,
        -0.3337408317526036,
        -0.6430402932539778,
        0.7360632948953656,
        -0.047281625399287375,
        0.48760006687999136,
        -0.5377670309053553,
        -0.43343408317572396,
        -0.8329231397992625,
        0.8591293304600756,
        -0.9609270426655241,
        -0.8369894886495082,
        -0.48749461700811314,
        -0.8425048865272751,
        -0.01364366071217682,
        -0.9419313415350448,
        -0.18220441399490883,
        -0.9432266156977949,
        -0.6965704785413989,
        0.9354768365439348,
        -0.7132591911247292,
        0.23813856553056945,
        -0.9934366319537589,
        0.25291705620857297,
        0.3472587700101959,
        0.8034295819857689,
        -0.1984563638914445,
        -0.04174987053315449,
        -0.17008229101810657,
        0.21486917298106878,
        -0.18243097656206197,
        0.510755272500607,
        -0.6154810208931265
      ]
    },
    {
      "activationF" : "sigmoid",
      "weights" : [
        0.7564640761335157,
        0.39204204382932484,
        -0.4709163623865984,
        -0.11749788998539179,
        -0.30858188345550097,
        -0.21269154287649483,
        0.3152465158968931,
        0.9297156423540971,
        0.4480175558583199,
        -0.14618077548132646,
        -0.6832627701510774,
        0.9827197035043094,
        -0.21795405979927396,
        -0.08706527464206704,
        -0.6254850968770602,
        0.5376959046948389,
        -0.22366422152583132,
        0.40655345203861626,
        0.8716584801010825,
        -0.43112009820068753,
        -0.8501489499289336,
        -0.02677599171592182,
        -0.9634499065755882,
        -0.5477362711252176,
        0.008268815566937926,
        0.6337129837441355,
        -0.7601487575388983,
        0.054658660139680126,
        0.10339283960279344,
        0.05653735649002667,
        0.6622097339376141,
        -0.17329310716896806,
        0.3126633884318859
      ]
    },
    {
      "activationF" : "sigmoid",
      "weights" : [
        0.9968622911848783,
        0.4647430273507913,
        -0.4844527700521224,
        -0.4616745148785415,
        0.8496056212089402,
        0.9969002932256212,
        0.7991521675465603,
        0.23408468483744782,
        0.7430960342441286,
        -0.49356266232269186,
        -0.3627758578595994,
        -0.20519163661679385,
        -0.20971247319495845,
        0.9769581050459897,
        0.7053534697257549,
        0.35672750025301747,
        -0.6926641540573657,
        0.5568444536046981,
        -0.6583378399255615,
        0.1917510497625372,
        -0.17923157727718864,
        0.826372916551223,
        -0.6259857936095017,
        0.33421324800802554,
        0.2851909917505018,
        0.08963555976071103,
        0.08574149430412703,
        -0.5519665458540219,
        -0.9699534905236968,
        0.7262607633067741,
        -0.8236329418925901,
        0.3705387056349765,
        -0.9785825269467139
      ]
    },
    {
      "activationF" : "sigmoid",
      "weights" : [
        -0.7723521881740967,
        0.8043047965903947,
        -0.7871851472896101,
        -0.16171319779270266,
        0.25185480300744323,
        -0.9825276499948843,
        0.5857255257163263,
        -0.8779046278442384,
        0.4505563666173338,
        -0.08967654366608757,
        -0.03566891877525791,
        -0.439862072092182,
        -0.1344638121388546,
        0.31281862144353356,
        -0.8627394127514818,
        0.5781998176770919,
        0.26839998951257726,
        0.8396601073712411,
        -0.737712764889245,
        -0.007817166431207445,
        -0.6457065063990501,
        -0.750796310185688,
        -0.6361922435269491,
        -0.679195838380261,
        -0.8655411814439966,
        -0.4956978774021046,
        -0.13630732164822956,
        -0.3250130848425663,
        0.7680051373948937,
        0.6937775606453798,
        -0.2774760354984993,
        0.8901882489613198,
        0.8525585398083475
      ]
    },
    {
      "activationF" : "sigmoid",
      "weights" : [
        0.9009695413552081,
        0.2881513679623593,
        -0.8488985820584596,
        0.9817269036377372,
        -0.96028291576594,
        -0.455872202630776,
        0.22810894698668505,
        0.059683359405955816,
        -0.6874062336636793,
        -0.5531448643278358,
        -0.7009694361805976,
        -0.673613717173918,
        0.7379613308261748,
        -0.8490744092824494,
        -0.4399747150389932,
        0.860222202745043,
        0.21944969696536032,
        0.887378994284655,
        0.4986747453086411,
        -0.09202210901897101,
        -0.34127591346920205,
        -0.21610048828152983,
        -0.6285921334127373,
        -0.18069371873945195,
        -0.7325684809695514,
        0.12678696350010865,
        0.6092345397333916,
        -0.7841121160055131,
        -0.5946106325665665,
        -0.4796426801748208,
        -0.6247100300535267,
        0.5493700420758476,
        0.866451139349335
      ]
    },
    {
      "activationF" : "sigmoid",
      "weights" : [
        0.7913568403889937,
        0.009406771060037178,
        0.032434084651036255,
        -0.7185655860851419,
        0.8999505830937431,
        0.6156845669182311,
        0.6164618406762206,
        -0.11665829661560645,
        0.18219798669180043,
        0.02311721688922508,
        0.2952954192039403,
        -0.34687765684548766,
        0.36637717544310466,
        -0.41056436340124414,
        -0.6894761572117241,
        -0.18336595055140892,
        -0.23443347350208787,
        -0.15653998614022524,
        -0.23612593129016313,
        -0.3637659212412945,
        -0.3959463264561711,
        0.8934636924292298,
        0.4278776175361061,
        0.5544805937297852,
        0.25822941099476826,
        -0.11292660851983793,
        -0.922005638895669,
        0.2897395391969415,
        0.09983916063970422,
        0.7345261572687976,
        0.7225953373375953,
        0.136276902129288,
        0.7867637665913689
      ]
    },
    {
      "activationF" : "sigmoid",
      "weights" : [
        -0.8467520448454016,
        -0.6184227147349788,
        -0.5742455263329853,
        -0.3561289380981967,
        0.40576153429116,
        0.019680924801886768,
        0.23615593787368683,
        -0.6223952581451258,
        0.6403548725586445,
        -0.055202380914052274,
        0.6235610684153863,
        -0.9032539734574097,
        -0.5145816968218215,
        0.560632279779212,
        0.5921554691765891,
        0.5688882874048571,
        -0.03746266215402061,
        -0.20983439349720023,
        -0.2499038429253957,
        -0.8899667939584404,
        -0.3882063095766457,
        0.9486190420130931,
        0.2441164741281734,
        -0.5357477660500201,
        0.8083155097929109,
        -0.6664960298396463,
        -0.3842421718239528,
        0.6280493466666546,
        -0.17373013245727242,
        0.20751604338602014,
        -0.006045772094729784,
        -0.6431930709800122,
        0.08922087620452168
      ]
    },
    {
      "activationF" : "sigmoid",
      "weights" : [
        0.8266752179394623,
        0.6985061894336808,
        -0.18557372272495898,
        0.5706947590844862,
        -0.03172018363147777,
        0.3597701700201241,
        0.9487809747400007,
        0.5973761249974987,
        0.3811273051061139,
        -0.985533974026797,
        0.09966851410597144,
        -0.7978246942383447,
        -0.5399833105342855,
        0.4315568971348034,
        0.19996851566649498,
        0.4971218248978615,
        -0.3534880723407048,
        0.46570377163099286,
        0.5350747758705048,
        0.8314027060680187,
        -0.8595513148169276,
        0.18445921316855052,
        -0.20659709822516215,
        -0.7779269141409799,
        0.6790856475576794,
        0.08706297968538745,
        0.9151487057104031,
        -0.7813625408874034,
        0.3222868169623774,
        -0.8315107505997672,
        0.8296662568331463,
        -0.6464439842176799,
        -0.18460601112982067
      ]
    },
    {
      "activationF" : "sigmoid",
      "weights" : [
        0.29514077516667925,
        -0.6346419551671272,
        -0.31303760094054645,
        -0.07310963109352153,
        0.5551845843252745,
        -0.9464004597982658,
        0.3735782608704199,
        0.9786868660781904,
        -0.7266021510743972,
        -0.3790209511472147,
        0.914277099577729,
        0.973902255559101,
        0.7928065854291315,
        -0.05225567826534627,
        -0.5285308535287379,
        -0.8167221440394481,
        0.9237796316017939,
        -0.01862958385194924,
        -0.3045972883971857,
        0.5078879958058342,
        0.40583723556323914,
        0.9301715211471455,
        0.9262008873816789,
        0.9326277845981832,
        -0.14079856564478122,
        0.9424361072701373,
        0.8466870583202237,
        -0.0682170682744514,
        -0.5858438836838271,
        -0.3470273561879367,
        0.5297933365439251,
        0.6970158767992078,
        -0.31379805176141207
      ]
    },
    {
      "activationF" : "sigmoid",
      "weights" : [
        0.47946292312330985,
        -0.5435966298815416,
        -0.5625370099542595,
        -0.7635648672466537,
        0.03211337149632709,
        0.7412865309622942,
        -0.09950842700309614,
        -0.4458362052544085,
        -0.3976428012082758,
        -0.30976692213424983,
        0.2637677360504185,
        -0.17597790115154655,
        0.11964792255089529,
        0.852864386264345,
        -0.0525196653120652,
        0.7383900813295006,
        0.24326823066155345,
        0.7164808090461141,
        -0.327751338977484,
        0.5658591225722018,
        0.3602132506885689,
        0.2962359824549001,
        0.7782661155057065,
        0.8317524566118597,
        -0.456032261054518,
        -0.4765461012523655,
        0.851324781133515,
        0.8219011541221053,
        -0.28198149535071804,
        0.5473248021116068,
        0.7408317975733809,
        -0.9614702961991095,
        0.5366660017229021
      ]
    },
    {
      "activationF" : "sigmoid",
      "weights" : [
        -0.6850726241060601,
        -0.887236055863498,
        0.45833872518139573,
        -0.25384227104050994,
        -0.3274518650384739,
        -0.7045470539000585,
        -0.08863128975168078,
        0.9457011451852986,
        0.46218542481102776,
        0.94923051661073,
        -0.583082187686355,
        -0.6656982419693738,
        -0.7949247550198866,
        -0.8745749562540555,
        0.48788001627150934,
        -0.08272894551740873,
        0.12133665918007264,
        0.7764570716260073,
        -0.5069612148882583,
        0.44527088540559134,
        -0.07043482415157198,
        0.6425161984120131,
        0.32746531838049453,
        0.30181237460639543,
        -0.9801870575457043,
        0.7746411681421612,
        0.33610032859784034,
        0.32322319258861887,
        -0.14930019175206732,
        -0.15792125687924563,
        0.5898769901824377,
        0.12910700489419868,
        -0.23104917960227866
      ]
    },
    {
      "activationF" : "sigmoid",
      "weights" : [
        -0.7820581427051616,
        0.8781041934301996,
        0.34746047111279976,
        0.0955248171104004,
        0.27799051292206434,
        -0.45763210769935725,
        0.27088371594350047,
        -0.3766720717372982,
        -0.46584737859493486,
        0.9592117179671549,
        -0.9512170620226872,
        -0.2014021010401703,
        -0.821549424283782,
        0.496444501691097,
        0.8585886934988509,
        0.6649255013308184,
        0.909121664112662,
        0.05617741413424393,
        0.0661709252563254,
        -0.7091645539014149,
        0.8639526813196983,
        -0.6783595024854481,
        0.37171623055280034,
        0.4644626430454071,
        0.8439502739333373,
        0.5835843276132082,
        0.7160233961121212,
        0.34203899722483544,
        -0.2575390649664082,
        0.3055701890205176,
        -0.10334624816211146,
        -0.5786710093596312,
        0.013227161348233762
      ]
    },
    {
      "activationF" : "sigmoid",
      "weights" : [
        -0.9301089295498768,
        -0.49272790129380173,
        -0.3379786742875821,
        -0.9725545147115631,
        -0.8158993742049021,
        0.18202317089240405,
        -0.1690092545102353,
        -0.7127473320400866,
        0.05023238127577234,
        -0.0775882551138829,
        0.8658584385935397,
        -0.9224860189263484,
        -0.02047513605951412,
        0.008341779681894979,
        0.6132805283095315,
        0.500095083337931,
        0.606937676442389,
        -0.6145281104027676,
        -0.9495040356798738,
        0.2827746875049286,
        -0.3540498515392172,
        -0.2858138179976215,
        0.7608585999106592,
        -0.03100428521069354,
        0.511450454926901,
        0.13759323979084592,
        0.5912946241558625,
        0.5908413323809287,
        0.15466234808848012,
        -0.9916186683636399,
        0.6787510715019023,
        0.26523480801399546,
        -0.2105060867537214
      ]
    },
    {
      "activationF" : "sigmoid",
      "weights" : [
        0.5451915296553771,
        -0.3042950666883877,
        -0.9387234961061088,
        -0.6414350584526245,
        0.341463761271918,
        -0.8652030801469384,
        -0.8646956748708219,
        -0.6804266215513439,
        -0.6741148134089827,
        0.15595057742273055,
        0.43392731836637144,
        0.365903721535348,
        0.7181414750081141,
        0.4080519797187889,
        -0.9040224401793056,
        -0.8289699390805636,
        0.5038603345150447,
        -0.9042719086537421,
        -0.5933520125175871,
        -0.6028312297596536,
        0.044986090145826996,
        -0.6174824949242945,
        0.9210598381819941,
        0.6833055680072333,
        -0.950246706911225,
        0.9138381341302868,
        0.7811611964893244,
        0.8368986888460765,
        0.49590992351360574,
        -0.44365662016369023,
        -0.17532322566864278,
        -0.2169727904000509,
        -0.7067647659579135
      ]
    },
    {
      "activationF" : "sigmoid",
      "weights" : [
        -0.4021578969122612,
        0.4722704267427653,
        -0.5111257925465085,
        -0.6230381773242641,
        -0.9731287323699191,
        -0.5861896862911538,
        -0.009458849817406856,
        0.1684457739298486,
        0.14202153989539368,
        0.04405719436946609,
        -0.12044592785330166,
        0.18842649031987846,
        -0.43261663748748735,
        0.8219727813538062,
        0.6754396091738017,
        -0.4890873946690535,
        0.5231174001368382,
        0.7386155396690837,
        0.10822442263570231,
        -0.48392769281292036,
        -0.3842132363935613,
        0.5549402841611872,
        0.5329808105414635,
        0.3209838047490259,
        -0.026254758692193292,
        -0.9049921967607459,
        -0.48116100191133215,
        0.8258831075200468,
        -0.46782148320578076,
        -0.4138813489465436,
        -0.7672888898996666,
        0.5524563143398562,
        0.11933483656907673
      ]
    },
    {
      "activationF" : "sigmoid",
      "weights" : [
        -0.9930220369687901,
        0.996461648582956,
        0.5035310119307093,
        0.14486790219819023,
        0.6876716400087468,
        0.01943384262244585,
        -0.16521456230713283,
        -0.8555793803706382,
        -0.9914603727606637,
        0.411469030702555,
        -0.4854994280315661,
        0.6138579121216299,
        -0.45426953770790424,
        0.8453557936498388,
        0.6595087530934234,
        0.9727017321860958,
        -0.8717541364947925,
        -0.7933483942630781,
        0.4599907622474022,
        -0.6361205968270283,
        -0.8665342345285449,
        -0.35990134854925526,
        -0.6632170790691687,
        0.3289624266090392,
        0.5958743043615609,
        -0.4046851030589109,
        0.7074922851293255,
        0.3839243313881777,
        -0.22478090874044376,
        -0.785902809069833,
        0.3870341073447312,
        0.2989389814497989,
        0.3042033743397916
      ]
    },
    {
      "activationF" : "sigmoid",
      "weights" : [
        -0.5243326520304517,
        0.8788983106023764,
        0.7153691228604278,
        -0.10214242408741203,
        0.07745302639673812,
        0.9485332367680566,
        0.1898309712354609,
        0.960618560842311,
        -0.2469953078681597,
        -0.9828496217347911,
        -0.6675849838271353,
        -0.025920486686173527,
        0.7175110554596973,
        -0.3208775114325706,
        -0.8923572827460355,
        0.8528766311230525,
        0.03425520817988348,
        -0.2948454031196954,
        -0.11282867228165627,
        0.35655624353245097,
        0.871523685420662,
        0.6437009212852411,
        -0.16000918930694263,
        0.47219692265165913,
        0.734803772296795,
        0.05755030309716136,
        0.4282764355636044,
        0.7166645149061435,
        0.3431396619855227,
        0.08536864863737725,
        -0.8761894781850772,
        -0.12178307193927718,
        -0.5507442910153566
      ]
    },
    {
      "activationF" : "sigmoid",
      "weights" : [
        -0.4935160675269321,
        -0.0354172315545187,
        -0.546506088381842,
        0.05349363641792548,
        -0.07306768608152137,
        0.2582294134900254,
        -0.6998363854176708,
        0.8876441969136633,
        0.17188403803433716,
        0.4579630553382428,
        0.7297684813036647,
        -0.7239639058501535,
        0.45358055327874913,
        -0.2778682306854643,
        0.9943867693741892,
        0.8996854196105339,
        -0.01472404708321573,
        0.07878053297002063,
        -0.7969421408144497,
        0.7586315159864858,
        0.08948585189171165,
        -0.13743709355583245,
        0.8753742231302639,
        0.8496024681957586,
        -0.4392355913615391,
        0.7639254405775613,
        0.9576161413192088,
        -0.15587249858086305,
        0.8410589906951762,
        -0.8462254207877771,
        0.08394621967936522,
        0.4657353489741527,
        0.052438151783345655
      ]
    },
    {
      "activationF" : "sigmoid",
      "weights" : [
        -0.2357558858893043,
        -0.05231588942983323,
        -0.13682689780230572,
        0.16102256661711545,
        -0.8312403118902547,
        -0.29267325195383465,
        0.7192328556855667,
        0.06098661776792058,
        0.809607984088897,
        -0.3735311143682254,
        -0.3399900584728226,
        0.5892934071641425,
        0.616038123498531,
        0.002351993563072252,
        -0.009946450866221257,
        -0.46074879505802335,
        0.31680528752659254,
        0.9446137578628215,
        0.9751535210274893,
        0.7647370436283187,
        -0.9444515897098282,
        0.2698305318124339,
        -0.6680611773487026,
        0.343072805208237,
        0.48800159562350776,
        -0.258121982921258,
        0.7863661403602433,
        0.0186996118180649,
        -0.9200996954805412,
        0.9017385927765857,
        0.18464022969561356,
        0.9390148854824789,
        -0.855069191923117
      ]
    },
    {
      "activationF" : "sigmoid",
      "weights" : [
        0.669219198399883,
        0.5279572534545489,
        -0.47797370564541364,
        0.4611107616562924,
        -0.25089703832064014,
        0.194183858622609,
        -0.6698478036882907,
        -0.9154119368613756,
        0.6457923511598314,
        -0.16552086159417057,
        -0.3875250310999019,
        -0.44798414661395136,
        -0.20363710248748434,
        0.09326640285698562,
        0.5558516639178019,
        0.5174665552754341,
        0.06734564119955566,
        0.5398226013010474,
        -0.7002663181002886,
        0.10321673627556027,
        -0.8115422801475294,
        0.5960510340370906,
        -0.30416844571484813,
        -0.8257365597540607,
        -0.06676543250682099,
        0.8144459179125803,
        -0.3296591735156498,
        -0.35733901218790587,
        -0.29282489959886715,
        0.5201485770858387,
        0.32788549514575127,
        0.20016330372991264,
        0.39273716162785566
      ]
    },
    {
      "activationF" : "sigmoid",
      "weights" : [
        -0.17751138705260683,
        0.7699814806461054,
        -0.02239257554686791,
        0.11756167243640858,
        0.05953489675069834,
        -0.7097876957729996,
        0.16843245764424175,
        -0.372208511404162,
        0.8962373077985608,
        -0.6832162511448834,
        -0.8937913986274377,
        -0.5705581112271336,
        0.1657538650929844,
        0.5001306998906696,
        -0.23018141210631127,
        0.8409532548533714,
        -0.14174770582821838,
        -0.27405901932118515,
        0.054556893317542876,
        0.3135447491721268,
        -0.7128386840765473,
        0.08460772556780971,
        -0.0582020506637384,
        0.3510746209671689,
        -0.5873988058501618,
        0.5975386315539362,
        0.030679866302278702,
        -0.18917531474929583,
        -0.707010399894024,
        -0.7225982149210306,
        -0.22098320293704643,
        -0.8903017702131084,
        0.1804154096457522
      ]
    },
    {
      "activationF" : "sigmoid",
      "weights" : [
        -0.18156147381790078,
        -0.03850113882775563,
        0.8888108997769526,
        0.9866411314739167,
        -0.9596782147457648,
        -0.6844596506877338,
        -0.863365638052954,
        -0.8409157281715574,
        -0.5557484203930385,
        0.1341619577583899,
        0.40142399936814943,
        0.16312702583413774,
        -0.19063455793905715,
        0.7282117502726071,
        -0.9507293299664294,
        -0.25896063446852335,
        -0.0020809289662795383,
        -0.1751175801953142,
        0.05851077158648943,
        -0.07834624845088989,
        0.15142180142306882,
        0.17318401381798187,
        0.5796113983174647,
        0.4846412009439287,
        -0.3633511899983479,
        0.25048339458390934,
        -0.7067015418499123,
        -0.7818018411299479,
        -0.568932927105932,
        0.8533136689881864,
        -0.8754076370458503,
        -0.2027292033926653,
        0.5514132562038179
      ]
    }
  ],
  [
    {
      "activationF" : "sigmoid",
      "weights" : [
        0.9265634453382308,
        -0.9498897968979529,
        -0.38653990560540774,
        0.5044118185918649,
        -0.8835717494188791,
        -0.44296932391076504,
        -0.9160494934674703,
        0.467635267660927,
        -0.5557134014788248,
        -0.45394924906589273,
        -0.7314794071302628,
        -0.8456289226222882,
        0.023500520623643384,
        -0.004923387399208501,
        -0.5850538223309945,
        0.33611723962007334,
        0.4479705501295428,
        -0.0701886626369237,
        0.5005186948651004,
        0.4693148881666449,
        0.21453772746562794,
        0.9718586926870325,
        0.31192012485156484,
        -0.5808919595977446,
        0.19627231020068625,
        0.950223767887278,
        -0.6479910240171136,
        -0.8660946825682352,
        0.9643997816668437,
        0.9085238766624972,
        0.11619412969770893,
        -0.03861641478115496,
        -0.44023550158300684
      ]
    }
  ]
]